—484-

- 101010100100100181101100.10 010100 0111100, 11 00000 000010,
00010000001101001100100, 00 00110 0001101οθ 1811 001100,
0100010001 environ 100 1101100 01010101.

1. 1000000 0011110100 Glonmel en 1110000, 0010 00 1110-
01101 00 11011000, 000000 108 1011101 1005, 10300 000 somme
de 993 florius 000110 100001100 0000 000100 au 0011030
111000οἰ0.

3. 000000 01001101] 00 Mauritius, 00 0000003111 (0000-
0100010),11001101100101100100 1110010310, 0100110 00 0033οη11001
0100001011110000, mort 10 00 1001101 1080, 10300 00110010-
10001 00 0001101 00 1313 ssorins pour la 10000000 00 0001000 ·
00 0011030 111000οἰ0.

1. 110000 Νο11ἱο01001,1,00000100010 Hibernas, 0010 00 Saint-
1110011100 0000, donna, en 1001, 0000011οΙ 001000 florius
1 0001 la 100001100 0000000100.

0. 01011100 1110100, 0001101110 010010001 00 0011030103υο
011 1001010001 0110 somme de 01001101100000110 1011001100
00 bourses.

0. 0100100 010001,-110101000 president 00 0011030, 10000
001 1001001001 000 1100100 00 180 1101100.

7. Thomas Ηο1100, 00 1101011011 00 11101100, 0001101101 sor-
11101 00 1110010310, 0010 0011100110100 10 8110000 0 0000,
0110110100 00 801010-Ρ110101100 dans la 010010 ville, mort 10
0 01010 1091, 10300 001 1001001001 000 somme de 3100 11011110
0001· 10 100001100 00 0001000.

01011010 00100, dit aussi 0001, cure 00 1000113 0)
dans 10 81011001 septentrional 111.

0. David 01 Paul 110000. Ge dernier, 0010 00 1110111010 00
1110000, mort 10 18 juillet 1130, 00000, 00 1111, 00 00 qualite
0000001001 101001001000 00 son oncle David 1100110, 0010 00
1100111 00 1110000, 00 capital 00 0008 0011100011· 10 10100000
00 0000000.

(11800010000011000000001010010000 101 0100000 ’0Ηο1000010001
00 0110 000 00110110 parmi 100 00100 00 ’111οο003

 

