-lbl-

161661 16 616616661 66 6611666 61 16 successeur 66 Wiggers
dans sa chaire 66 theologie. Voyez 66 6111611 66 1661616661
66 Wiggers 16161116 66116 16666666 6666 166 1166166166, 111,
6. 311.

8. 1166111161616661 66616161661616 16 68 octobre 1663,
6116666 666 6661666 6616666 66 16166166 666 parents, 661
66166611 mai 1666, 66 grand college des theologiens; il en
166611616 66116666 66 president et la 616666161166 6616661
666166166116666166 6166 6666 61, 6 1661661661, 6616661
1616666 166 6166666666 66 6616616. 16 1666611611 66161
66666166 666 16 11 66611668. Ce 161 6666 66616 66116 mente
6616666616161666116666 666 6661666 66 college 11666616.

6.,1666 666661, fils 661666 61611666 11666, 6166661616661

1 6116166116 66 1166116 66 6666166, 66666166, 61661616616 61

6166666611166661 10116611, 66 11616116, 66 11116 66 Megale,
61661116 Palatio, londa, 16 6 octobre loca, trois 6661666 66
661166611666616 61661616 66 16166166 666 parents 61666
666616666611 661666116 16 661161166661 666116 6161166616
66 6616166116. Voyez 66661616161116661161611661166 6666166

1166166116111, 6. 333.

16. Gerar-oleon 11166, 6616 66 1166661, 16666 666 666166
66 college 11666616. Ge 161 6666 16 6166166666 66 166111166-
6616 Stonpy qn'ent 1166 1616661166 66 66 1666. Le 16 octobre
1113, Elisabeth 66116161, 66 166616116, 1666616 6661666166
666116 16 661161166 66 president 66 college. Voyez des actes
16166166 66116166661166 6666166666166166, 111, p. 336. -

11. Α661έ-1166666366616666, doyen 66 6666111666 Saint-
Jean, 611666,16666,16 1 61111 llll, une 666166 66161661
66666 parents, 6661 116 6661161661 jouir tant 66 seminali-e
66116666666 college 116666166 1661611611 66 166611616
6611611666 666 6166 6166666 6616616. Voyez 66 6616 16161116
66116166661166 6616166 lacteolas, 111, 6. 339. ·

le. chcpe, 6616 66 Bodegnee, 16666, 16 al 1611161 1113,
666 6661666 66 college 11666616 66 161661 66 666 6616616, 61
11661666116 16 661161166 6 666 6661 61666166666 parents

 

