-369-

Ge 131 3333 333 tristes 3133333133333 333 (1311133333 Lin-
danus‚ 333333 33 1133333333 313331333 33 theologie 33
333331333333311 3 333313 33 333333333331 33 133333
1319. 133331 133 3131333 qu'il 3333333333 1331 333113311333·
ment 3 13 33111311333 33 13111333 ΙΙ, 333333 3331313333 131 13
33331133, 31333313, d’un 33333333311333 ou l’on 331 former
des 333133133113333 333313 saint 3313131333. 1333 1133331113,
3331333 33 333113, 3311133133 3133 1333 333 333 1313313 31
333 33313313 siege episcopal de Tournnl, 1313311, 3 33113
333333, 333113 33 3333311 33133 33 Sa Μ3]3313; il 333333
31333331 333333 33 33113 demando de leveque de Rure-
monde. Philippo 11 33 3331313 3333 333 133133333 : ll 33-
33313, 3331311333 33133133 33 mois 33 33333 1319, 13133331133,
3 louvain, du college du Rol, ehaugea 11333333331333331·
33113333 131331133333331, 31 131 31 333331133 33313 333 33
Parme, gouverneuu des 13331133, 13 somnne de 13313 mille
333313 3333 33333313 aux 33331333 13313.

11333333 331311 33331131 3 1333333. Ne trouvent 333 133333-

3131333331 33 13331 3333333313333133 33113133133331311133, .

ll 33133 33 negociatione 333313 3331333 113331 Gravius, pro-
1333333 33 theologie, 3333 3313313 33 13331133 133 deux col·
leges du 83131-1133311, 3331 33131-31 31311 13 33331333131331
331333331331331133333331 3333313 33333113 33 1333333333
3311113133833 3333333331333313333333333133 31313 333333.
La nouvelle 133331133 331. 3133131133 333313313331331 3333 133
3311333313 333 deux colleges, 33 Gravius 33 33 3333333 qu‘un
3333313333331333313 1331333113 33 13113 [3331313331311113
y 33313 jusqu'au 14 juin 1386, 333333 3 laquelle 13 college du
Roi 131 3333133333331113333331313333133333313311 333333
jusqu’ll 13 suppression de 111313333113 3 13 113 33 313313 333-
3133. (131333133333331, 31133 333 du Ρ33331 (medellarum),
31311 33131 33333333 3313333331, 3 3313 33 1331133 33 Saint-
1113331, 13 33313313333313313 31 3333133313 33333333.

Les 3333333333 33 3311333 333313131331 33 3333 33331133133
31 33 3333333 fixos. A 13 33133333 33 31333333, 13 33333313
33311130333313311111 lui-meme 33333, 33 1585, 333 somme
denuntiamus 3333 113311131133 331333313. 13111333 11 31333

 

