-13-

311313311331331; 133 eleves de 33 13131113 y etaient seuls
3333133. 133 quatre autres oinquiernes 3311113313 3133331333
de 80 1131133, 333113 philosophie (133313, 31 33133 13 pro-x
3131133 3313 1333113333 3113, 3331 13 1113313313133333 13

1133333 3131331133331; 333 3313313 y etaient 3333133 33 ’

3131313333 3 1333 331133; 31 3 331331 33 parents, 133333333
3331333 3331311 3113 33313133 3 311 31313 113 3 113113. Les
· 3133 3311333331313111 3113 33311333 3 333 313313313 1133 : 113
Petit-Roeulx-lez-Breine, 1ο 3 033133313, 313 1333311, 3 113313·

11111311, 3 Longueville ou dans 133 1111333313131113, 40 dens 13 .

11133331 1131133, 31113 5⁰ 3 Soignies, 331333 333313 33111331.

Pour 3313311 333 3331333 33 133313313, 133 3313313 33 1311--
331331 1131313111 31311 331333 333 31333 33 311113333313 313111
133 11331 331111313; 3113311311-3313313331313111 31311 313 3333
133 3111333313-333113 313311313; 133 3133 33333133 3313313
3131311113 preference.

he publication des 3331333133311133 331311 31311 1133 3
Louvain, 3311 331133 (133 Helles 31 333 3333333133, 33 33113
3 Ρ3111-11313111 313 033133313.

1133313 311113133, 133 1331333133 33 331131311331133, 311333
3 11113133, 311133311, 3 chaumont 31 3 033133313, 3131331
313133 33 diverses 31131333; 31 quant eux 133133, 31133 3131331
1111311333 31 1331 3313111133; 33331 13 misere 33311333 31133
3313311133 33 13 333113 vinrent-elles 33333133331333 31311-
nution de revenus.

En llll, apres deduction des 3331333, 33 33133313113133
que 150 1131133133131313, 311 1185, 13 131333 31311 33

1331131133, 333313113101 1131133 10 3313 333 133331131331 ’

33313113 3311111313 de terrain. Apres deductiori des 11313 33
3331133, 11 1331311 333 3313133 33113 33 318 11311331 3313
3 33111313, qui 3131113331113 31331 : 11313313133 131333113313
3313331133 13313331331 33 3331333 33 10, 3313 31 33 30113-
11113; 33 313313111 33 331133331113, d’une bourse 33131 1131133
1 3313; 31311 33113311 theologie, d’une derniere 33 93 11311113
6 3313 8 deniers.

D’apres 13313 33 fundatior, les hoursiers‚ eleves en philo-
33331331 3333133331133 3313 333333313 du Lis, pouvaienty
3113 aduris 3 13 1131313133 13313 3 13133 33 1331 333133.

 

