-351-

16666161 1166166166 111166161161, 6616116, 616 6166616616166
66166161661116, 166166 6666 111111616166 11111616661661 11661-
1661 1166116616 1661666666, 6666 16 6116166611116111 ghe-

naebtight 1ο1 sgheens 6661161616666 is, 6661 6166116 166
111 66166166116166666161116 (sen 111116666 161 gbegeven
ende verleent, goet 'gevenden hebben hen te 66616666166,
11611161 611 661 6666 16116 66666, 666 1661616616111116111111611
1666616616611616611611616116111 166 16166 6666 611116
66616166166 6116166166 1166616166166, 6666 666 1661 661-

1166166 66 1661661166 161666 16 116661116166, 6666 6161661 .

6111116 661 6611611616611166166 6666166 666611166 6661
1666116166, 116116111616666 6116616166666 6616666 1661-
16161, 661 61666 66 11166 166166, 16661166 1666611 Ι6616666,
1661111616 op 66 8166166166 1161661 in’t 66611161 166 ’6 Η61-
togenbossebe 161 6611166 166166 161666 6166661166611, 11166
hoogbrnogende 166166 8166166 (16661661 661 Vereenigde
, 11161166ῑό6 161666661166 161166116661161611116)6111 61661166-
1661166166661661666166, d’eene 166 66 166166116166 11166
16616161666 611666 66616 661 hebben ende genehen 11616611
’ 161666161616611666611111166111116116166166661661111616 6111
66161116 166 11166 1666611 6616666 1661111616 op de 61661166
16166, 6666 66611616 661 1111166 11666616666611 161 116166
166166116166 11166 61661166166166166166166 ’1166166116166
611661 6111166 116666 nntslaeghen ende bij de 6616161611616616
66661 16616116 116661 6611666166 6666 6611611616611; 616
16666616616616611161666 116666166666166 161666 16 166-

ghen, d'andene 116661616 661 genoten 1161666. Ende 11661161 ’

161 61166661 616 1661, 6161 16166611611116111611611661666 16
66666166 ’1 gene 6111 (1116166161 6611666616666166 166166
166161666111166 161161616116166 ’1 66116616 661 6666611666,
1616166166661161 61166 1611111616 6611616611. son hebben
661161 616 1661661166 6161616616, 111 661116 6666 goedtvinden
van 666166166616666 116611661611116111111666 6666 166166
16661616611166, 61166 6161 6111 661616 goede 6666166161166
166 66611661666616666, 6111 11611111 661661661161 66166116
1661111116, 616666 6666166 66166161616611 661666 16 everen
166 6616616166111661666611 66111666 ’6166111161 ορ de

 

