-353-

66636616666361, 161 661 661 666636666666 6611661661 1166666-
lienem in stret als 6666 361 gebroeht sijn.

ltern is 6666666666 661 66 6666361166 666666 6666136663
geen 666 66 6666361666666 666366 666 616666661 66 361166
noghen gheven 6666 666 degene 6166666666 66 666636666666 ,
6666616663 611 66666 wettighe successeurs 361166 worden
gepresenteerl. Ende 613 666 666 66 66663666666 6666616663
361 wezen alghestorven‚ 366 361 66 166661666666 66666
anderen 666661666 moghen 6336666666 66666 66666666 ghe-
lijole 666661 66666666 613 66 1666661666666 in 616616 6666616-
616 eadsine 61161166166666 66636666166166616666666 executorem
1666116611 soii. ,

11666 613 16666661 666 66 666636666666 66631663 66666
66636 361166 comen 16 666166166, 661 666 66666 president
6116 66666663166 ’1 36166 gehouden 361 666666, 616666 666
11161666666666661 6666 6666, 666 (16 6666616663 66166116
meeleb. ·

11666 166 163166 6661666666 66 66663666666 6666616663 (16
16666 666316 666366 16 ’1 16666 6666 611 goetvinden 666 Η66-
666 1166666613, 6666666 6666 666 heere 166661666, genens ·
66661 16 hebben ende gegheven : d’eene aen Hermen Pelgrinr‚
31666661166 66 philosophie nlhier 16 66 pedagogie 666 den
161616, 613 6166616666661 666 666 666636666666 6666616666-
1666, 6666 666666 666 1166661163 Carolus Van 666 816113, ι316-
6666666 6166161666 16 6636 11616663116111, 613 gheboorligh 666
’3 11661666666633666, 666 66666661( 16 nemen 6661 66661336
163116666; in 666 666316666 661 6’6661663161166666 6661666
den bergh van bermhertigheijt 1613161616663166316 3631166
6666661 6166 66 6111116616616113666366666666666 66 6666-
36666666. 6666616663 3116 6666636666661 666 66666666 16.
66166666 366 66 6666666666 bursieren als d’oneoslen 616166 ,
66 executio 666 6636 bursen 6166666 ghevallen ende 66616
. 6666666613 361166 66661666 6666666 6666666; ghelijeh 66616
6636166 6666616663, 613 6663661616663 666 66 666636666666
hersen, 1616663166 666 66 66666 66636 666 66 666666 66661-
36663 6666166666 6666 66636616666 666 6663666 666 66666613
1166616663, 316666116 66 philosophie 16 66 pedagogio 666 666

 

