-666- ”

60. 1666101060, 66161156, 11666616 66 116016ςί6 61616-
60166 66 16 6611661616 66 66161161, 10666, 66 1616, deux
1661565, 66 100 1101165 6166666. 011 665 6165 1616, 66511-
1 6116 66 1666, 11 610616 encore 6 56 6161111616 106661106 666116
nouvelles 1061565, 66 116 101165 9 5065 61 3 116165 6166666.
En 1781165 1666665 6615 6161661 66 697 1101165 11 5065

’ 3116165.

61. En 1661 66 6016616 66166116,61166551161161610666
6616106156 66 110 1161165 66 16666166 5656616615, 665 616-
616615 661115 66 601665 00 66 116111165. 1666665 6615 66
1781 ; 1311161165 16 5665 3116165. -

61. 110611 1101606665 06 1161616061, 66 1666061, 6061661
6611601066, 61016556616166666 66 saint-pierre, ldgua, 66
1668, 666 16616 66110 001165 66 666161 56166 606116 10666-
tion 66 6661 1061565165 1666665 6615 5616661661661781
1 16 somme 66 176 001165 17 5065 1 11616.

63. 661106 60 6116611606 Van 16661616611615-16-066,
donna, 16136616 1663, 66 6661161 66 6000101165 pour 16
1066611011 66 deux 1061565, 1666 6061161666 66 16 6111056-
61161 16 666666ςί6 66 1016, 166116 6061 161666 6616 1160-
. logie 66 60116116 66 1666. 165 1661166566 66116 66161616
616166166 1781 66 166 1101165 19 5065. 1066186661165,
665601666615666111 0156016 ’6 Η6116661106561, 11, 6. 169.

61. 16101101 16611006...... 60666, 66 1676, 66 6661161 66
1600 6061 16 10666666 1666 166156 66 60116666 1666.
11666665 6615 66 1781 1160 00116510 5665 1 116165.

66. 166 der Gouw 111, 66 1680, 666 1666611011 6661

6651061565 66 616166 16116 66 6011666 66 1666. 165 1666-
665 6615 6161661 661781 66110 1101165 8 5065 1 11616.

66. Philippo 100 1661111666 66666, 66 1688, 66 college du
1666 66 6661161 66 11000 1101165 6061 16 1011661166 66 666116
0061565. 11666665 6615 66 1781 : 161 001165 7 50653 116165.

67. 1100601166 1166611, 66 1161161165, 6061661 en 1160-
1ος16, 610165560161 6165166111 66 6011666661666, 10666, 66

 

 

 

