-660-

36. Au 1616161666 66 161616 116161666666 1666666166,
6116161661, 666161161 1116616616, 616166661161 1116616611
61 6611666 61 Papo, mort en 1616, 6166 116 1161166 1 66
6611666. 6611166116 ne 16116 666 61116 1666116 661181, 11
661 6161161116 616116 1616611 partie de 16 1616611611 6116 666
u 111616 66111616 11, 66 1161116 61616 6111116116.

31. 6611611116 11611166, 66116116 61 66116666616611 11616,
morte le 16 61111 1616, fit 6661611611, au 1616161666 66
161616111616,116161661161661161166 61 6611666 61 pape.

38. 1661661 Van 1116616616, 6616611611, 66161 6616 661116-

61616 6616111161, 16616, 61 1666, 116 16116 66 1301161116 61
11 capital 66 1010 161116 pour la 161661161 6611616 0611666.
En 1181166 1616116 1616 61616116611111611168 sous.

39. Antoine 1111161116, 66 061116 11166 66 3616-16-1116,
6661161161 61 1116616616, 6611616 6161666611 66 philosophie 1
16 1166666616 61 161661, puis pendant 11 616 61616116 66 16
6611661616 61111616, mort 16 16 septembre 1631, 66116, 16
9 mai 1618, un capital 661600161116 pour 16 161661161
61116 1161166. 1661616116 1616 6616161611 66 1181616
somme 66 111 1161116 11 sous 1 11616.

161666 Le 61666, 611111, 611666 16661166, 6166, 16
31 6661 1618, par 66161161 entre 1116, deux 11611666 pour
161166 66 16 1116616616 61 6611666 61 pape. cette 161661161
16 figure pas sur 16 1616116 66 1181. ’

11. 1666 Ρ611166661 ou Van den 116661, 66 11611166, 666-
1661611116616616, 6161666611 61 11161161 66 saint-pierre,
mort 16 1016111161 1630, 6166 une 1161166 66 10 11611116.
Revenus 1616 611 1181 : 191 161116 11 6616 1 11616.

11. sibrand 81611, 606616111611111 61 11166, 11161616 611
1116616616, 1166116 66 116116166 (vicarius 661166616666111116
61116161611616111611 16 10 1611161 1631, 6166 une bourse
qui 1661 66611611161166 61116 1616116 66 1181 61, par
1616661611, 1616611 116161161611 partie de 16 1616611161 6116
666 « biens communs. »

 

