-111-

11. 16111161111116 ........ ’ . . 11161
16. Male 1116116111 661) ......... 31 11
1611661611161661) .......... 11116 ,
11. 1661666661 11111661 661 ........ 18318
18. Ν611111166116161,611611(6616111), . . . 61383
19. 1616161 .............. 1119 01
30. 1611161 (1616) ........... 18993 l
31. 116116111061161116),6111166106161616, . . 1310
31. 1661161611666661161 ......... 118 11
33. Schoonhoven (1616116661 ....... 113 13
36. 86166616 (6111611 66) .......... 169 19

35. 166661 1111616) ........... 13316 ’

36. 11106111866161161) .......... 113 86
31. 11161116 (1611), 61111661 1161, ..... 633 96
38. Wiggers 1116611) ........... 601 01
39. 11116 (1661), 6111166161111166, ..... 8119

’ Notos 16116161166611166611 1111116111 du 6611161 du Pape.

Ala suppression 66111611616116 61 1191, 166 1111116116 61
6611666 61 1666 16 111611 616 1116166 66116 61111166 66
6611161161 1801166611616611611 11666116 166 convertit
66 6166116116 66 1116161 666 161611666 66 Paris. 1166 1616616
66 1111161 66 66116 61166, 11661161 61161616 1111111166,

6166666 61661166166, 111111 1 1611111 616116 666166116661- ’

lege du 166116 30 1111161 1803, 66116166, 11616 premier
consul, 6166161 611 1611111116116 161161166611611. 11616611
6661616 661116166111161166, qui eut 1161 6 1161116 66116616
111166116166 66 11 61161166 66 1116616 61 1813, 1611661611
1116616611 611116 66616161661111616161 6111166 11 6166116116
666 111111666661611116. 16610, 11 6111 1661161 1811,
celle-oi 1116116166 61, 6616616116 16166, 111166 11 6111166
611166 1161666 116666 6161166161166.11116 661111 6161116,
6616111 quelque temps, 66 6166166.

1616616, 11 661 61161116, 16 college 61 1166 611616
611616 661 1111166, 61 16 transforma 66 116 666666 66
6161161166 61116 66 66166116166661; 61, 6 11 1161116666 66
1611111, 61 y 61666111166 66666666 61 11 16116.

 

