-316-

Laroehe, 331333133311333, 3333313 13 13333311333 3311113333-
ville. Celui-oi ne possedail que 33 maison 3133313313 3 11333
31333 maison 33 compagae 3333 'de 83131-1333331, 31331
11 13333133313311 3 33 3333313333 chapeaville, 333333 33
1133333113133333333133313 3311333ς il 13333, 33 oulre,

13 3333313111 33 13 premiere 3333 33333 1133333 1131333333, ¹

31331133313 33333333 333 neren 1333 3313333133, 333313

condition que, 31133333331331 3333 131333333 333133113, 33

, 311333133311133313133311, 133 3333 maisons 3333311333331331
3333331331333311333 333313 1333331133 33 quatre 13333333
33 3311333 11333313 3 1333313. chapeaville 333333333333 aussi
ses 3333333 3 13 3331331133 33 331333-333333. 13 3333333333-
331133 33 33313 33131 3333 31131. Le 331333-333333 3333333
l'eohevin (133333 1131333333 conseiller prive‚ 31 3331113
Gesner, ohanoino 33 13 331133331313 313333133 1133333 31
33313333 1333 3333333331 avant 1333 3333, 3333 1313333 33
posterile. Geloi-oi executa 333 1333, 139 avril 16111, 1313333·
tion 33333133 bonrses 333333 333131331333331 33333 bean·
13333. 1133333113 13 3311311333 33 3133133 general 3133 presi-
333133 3333133133 33 11333133 quatre 333313333333333-
133331 13 1333331133 13 13 3333331333 1311, 31333 33333113331
133 3333111333. Voyez des 33133 33131113 3 33113 1333311333 3333
133 3113133133, 111, 3. 331.

6. (1111330133, lieenoie 33 333113 31 3133333133 33 13 331133·
33313 33 11333, 13333, 333 13313333313311 juillet 1611, 33333
13333333 33 3311333 11333313 33 13333333 33333 3331331133 33
11333 33 33 333 1331133333, 31 33 333113 13 3311311333 33 331-
1333331, 31 33 3333133 333 1133331333 11333. Le 133131333
1333331 33 1611833 133333 31 3333313333 33 333333133331
33131333 313333111333133133333131333. 1133 resulta 33 333333
qui 131 termine, 13 1 avril 1611, 33333313333331133. Voyez
nn 3313 33131113 33113 1333311333 3333 133 133133133111, 3. 331.

1. 1333 Wiener, 3331333333 33 13 1333113 33 theologie el
president dn college 1133331313333, 333 33133 33 16 3331 1636

’ 31 3 janvier 1639, 333 133333 33 333 3333313, deux bourses

1331133331 3133333 33 ,3311333 11333313133 3311313333 33

 

